# Time	(exposition).Flux	(recovery).Flux	(infection).Flux	
0	0.537313	0.149254	0	
1	0.519534	0.144315	0.204021	
2	0.585592	0.162665	0.340197	
3	0.70503	0.195842	0.460677	
4	0.869677	0.241577	0.590431	
5	1.08182	0.300506	0.743848	
6	1.34954	0.374874	0.931876	
7	1.68513	0.468093	1.16526	
8	2.10485	0.58468	1.45617	
9	2.62938	0.730383	1.81935	
10	3.28474	0.912429	2.27293	
11	4.1035	1.13986	2.83954	
12	5.12636	1.42399	3.54736	
13	6.4042	1.77895	4.43161	
14	8.00056	2.22239	5.53628	
15	9.99485	2.77636	6.9163	
16	12.4862	3.46842	8.6403	
17	15.5986	4.33298	10.794	
18	19.4868	5.41306	13.4846	
19	24.3442	6.76235	16.8459	
20	30.4123	8.44798	21.045	
21	37.9929	10.5538	26.2907	
22	47.4631	13.1845	32.844	
23	59.2936	16.4709	41.0307	
24	74.0727	20.5764	51.258	
25	92.5353	25.7053	64.0343	
26	115.599	32.1126	79.9949	
27	144.411	40.1168	99.9333	
28	180.403	50.116	124.841	
29	225.363	62.6072	155.955	
30	281.526	78.2115	194.823	
31	351.68	97.7044	243.375	
32	439.311	122.055	304.023	
33	548.766	152.473	379.78	
34	685.476	190.469	474.405	
35	856.218	237.93	592.593	
36	1069.45	297.212	740.204	
37	1335.73	371.258	924.552	
38	1668.2	463.737	1154.76	
39	2083.29	579.234	1442.21	
40	2601.42	723.465	1801.1	
41	3248.06	903.561	2249.1	
41.6935	3788.35	1054.12	2623.5	
41.6935	845.624	1054.12	2623.5	
42	897.267	1118.52	2374.77	
43	1002.15	1249.38	1818.42	
44	1046	1304.2	1508	
45	1057.51	1318.68	1329.42	
46	1051.98	1311.92	1221.64	
47	1037.61	1294.14	1152.02	
48	1018.78	1270.79	1103.09	
49	997.825	1244.77	1065.5	
50	975.979	1217.64	1034.23	
51	953.906	1190.22	1006.61	
52	931.952	1162.93	981.187	
53	910.296	1136.01	957.189	
54	889.031	1109.58	934.193	
55	868.2	1083.67	911.971	
56	847.82	1058.33	890.391	
57	827.897	1033.54	869.381	
58	808.428	1009.32	848.895	
59	789.407	985.652	828.905	
60	770.826	962.527	809.391	
61	752.676	939.936	790.336	
62	734.949	917.867	771.727	
63	717.635	896.309	753.554	
64	700.724	875.25	735.805	
65	684.208	854.679	718.47	
66	668.077	834.587	701.539	
67	652.323	814.96	685.004	
68	636.938	795.79	668.855	
69	621.912	777.066	653.084	
70	607.237	758.777	637.681	
71	592.906	740.914	622.638	
72	578.911	723.468	607.946	
73	565.243	706.428	593.599	
74	551.895	689.785	579.588	
75	538.861	673.53	565.904	
76	526.131	657.655	552.542	
77	513.701	642.151	539.492	
78	501.562	627.008	526.748	
79	489.708	612.22	514.303	
80	478.132	597.777	502.15	
81	466.828	583.672	490.282	
82	455.789	569.897	478.693	
83	445.01	556.445	467.376	
84	434.484	543.307	456.325	
85	424.206	530.477	445.534	
86	414.17	517.948	434.996	
87	404.369	505.713	424.706	
88	394.799	493.764	414.658	
89	385.455	482.096	404.846	
90	376.33	470.702	395.265	
91	367.421	459.576	385.91	
92	358.721	448.71	376.775	
93	350.226	438.1	367.855	
94	341.932	427.74	359.145	
95	333.833	417.622	350.64	
96	325.925	407.743	342.336	
97	318.203	398.096	334.228	
98	310.664	388.676	326.31	
99	303.302	379.477	318.58	
100	296.115	370.496	311.032	
101	289.097	361.726	303.662	
102	282.245	353.162	296.466	
103	275.554	344.8	289.439	
104	269.021	336.635	282.579	
105	262.643	328.663	275.881	
106	256.416	320.878	269.34	
107	250.335	313.277	262.955	
108	244.398	305.855	256.72	
109	238.602	298.608	250.632	
110	232.942	291.532	244.688	
111	227.417	284.623	238.885	
112	222.022	277.878	233.219	
113	216.754	271.291	227.687	
114	211.612	264.86	222.286	
115	206.591	258.581	217.012	
116	201.688	252.45	211.864	
117	196.902	246.464	206.837	
118	192.229	240.62	201.929	
119	187.667	234.913	197.137	
120	183.212	229.342	192.458	
121	178.863	223.902	187.89	
122	174.618	218.591	183.43	
123	170.472	213.405	179.076	
124	166.425	208.343	174.825	
125	162.474	203.399	170.675	
126	158.616	198.573	166.623	
127	154.85	193.861	162.667	
128	151.173	189.261	158.805	
129	147.583	184.769	155.034	
130	144.078	180.384	151.353	
131	140.656	176.102	147.759	
132	137.316	171.922	144.25	
133	134.054	167.841	140.824	
134	130.87	163.857	137.479	
135	127.761	159.967	134.214	
136	124.727	156.169	131.026	
137	121.764	152.461	127.914	
138	118.871	148.841	124.875	
139	116.047	145.306	121.909	
140	113.29	141.856	119.013	
141	110.598	138.487	116.185	
142	107.97	135.198	113.425	
143	105.405	131.987	110.73	
144	102.9	128.852	108.099	
145	100.455	125.792	105.531	
146	98.068	122.804	103.023	
147	95.7375	119.886	100.575	
148	93.4623	117.038	98.1851	
149	91.2411	114.258	95.8518	
150	89.0726	111.543	93.5739	
151	86.9557	108.893	91.3501	
151.356	86.214	107.965	90.5709	
151.356	214.574	107.965	90.5709	
152	214.714	108.037	124.576	
153	224.844	113.136	161.893	
154	242.394	121.97	190.214	
155	264.776	133.236	215.38	
156	290.901	146.386	240.269	
157	320.404	161.237	266.368	
158	353.279	177.787	294.522	
159	389.703	196.125	325.281	
160	429.965	216.396	359.077	
161	474.421	238.781	396.297	
162	523.487	263.49	437.333	
163	577.629	290.758	482.594	
164	637.366	320.846	532.523	
165	703.271	354.046	587.606	
166	775.977	390.678	648.374	
167	856.183	431.094	715.413	
168	944.659	475.686	789.369	
169	1042.25	524.882	870.952	
170	1149.9	579.156	960.944	
171	1268.62	639.031	1060.21	
172	1399.56	705.081	1169.69	
173	1543.96	777.942	1290.44	
174	1703.19	858.311	1423.61	
175	1878.75	946.957	1570.46	
176	2072.31	1044.73	1732.39	
177	2285.7	1152.55	1910.92	
178	2520.9	1271.46	2107.75	
179	2780.13	1402.59	2324.72	
180	3065.8	1547.16	2563.87	
181	3380.56	1706.56	2827.43	
182	3727.3	1882.28	3117.85	
183	4109.22	2075.96	3437.82	
184	4529.78	2289.43	3790.28	
185	4992.82	2524.67	4178.45	
186	5502.47	2783.86	4605.87	
187	6063.29	3069.39	5076.4	
188	6680.23	3383.88	5594.24	
189	7358.68	3730.2	6163.99	
190	8104.49	4111.48	6790.67	
191	8924.03	4531.15	7479.71	
192	9824.18	4992.95	8237.04	
193	10812.4	5500.96	9069.08	
194	11896.7	6059.61	9982.77	
195	13085.7	6673.73	10985.6	
196	14388.7	7348.55	12085.7	
197	15815.6	8089.76	13291.7	
198	17376.9	8903.49	14612.9	
199	19083.8	9796.34	16059.2	
200	20948.1	10775.4	17641.2	
201	22982	11848.4	19369.9	
202	25198.5	13023.5	21257.3	
203	27610.8	14309.3	23315.4	
204	30232.5	15715	25557	
205	33077.3	17250.5	27995.3	
206	36158.8	18925.9	30643.5	
207	39490.6	20751.9	33515.1	
208	43085.4	22739.5	36623.4	
208.507	45013.4	23813.3	38294.9	
208.507	18172.3	23813.3	38294.9	
209	18814	24677.9	33979.3	
210	19414.7	25517.7	28164.7	
211	19453.6	25621.8	24743.1	
212	19198.5	25337.9	22614.2	
213	18793	24853.1	21187.1	
214	18313.8	24267.5	20144.6	
215	17802.1	23635.1	19315.8	
216	17279.9	22985	18609.1	
217	16758.7	22332.6	17974.9	
218	16244.8	21686.2	17386.6	
219	15741.1	21050.1	16829.6	
220	15249.5	20426.8	16296.2	
221	14770.5	19817.4	15781.9	
222	14304.4	19222.3	15284.2	
223	13851.3	18641.8	14801.7	
224	13410.9	18076	14333.5	
225	12983.2	17524.6	13878.9	
226	12567.8	16987.7	13437.6	
227	12164.6	16464.9	13009.1	
228	11773.3	15956	12593	
229	11393.5	15460.9	12189.2	
230	11025	14979.3	11797.2	
231	10667.6	14511	11416.9	
232	10321	14055.6	11047.9	
233	9984.81	13613	10689.9	
234	9658.91	13182.9	10342.7	
235	9342.97	12765.1	10006	
236	9036.75	12359.3	9679.57	
237	8739.98	11965.1	9363.1	
238	8452.42	11582.4	9056.36	
239	8173.81	11211	8759.08	
240	7903.91	10850.4	8471.01	
241	7642.48	10500.6	8191.9	
242	7389.29	10161.2	7921.51	
243	7144.1	9831.96	7659.6	
244	6906.69	9512.65	7405.93	
245	6676.82	9203.01	7160.28	
246	6454.3	8902.8	6922.41	
247	6238.9	8611.77	6692.1	
248	6030.41	8329.68	6469.13	
249	5828.64	8056.3	6253.3	
250	5633.38	7791.4	6044.4	
251	5444.44	7534.74	5842.22	
252	5261.62	7286.1	5646.55	
253	5084.76	7045.25	5457.22	
254	4913.66	6811.99	5274.03	
255	4748.14	6586.09	5096.79	
256	4588.05	6367.35	4925.32	
257	4433.2	6155.57	4759.45	
258	4283.45	5950.54	4599.01	
259	4138.62	5752.07	4443.83	
260	3998.58	5559.96	4293.75	
260.234	3966.5	5515.94	4259.37	
260.234	6877.61	5515.94	4259.37	
261	6763.95	5427.96	5070	
262	6760.3	5429.15	5731.79	
263	6846.95	5502.95	6152.86	
264	6981.4	5615.37	6453.49	
265	7142.08	5749.18	6694.81	
266	7318.06	5895.64	6907.9	
267	7503.8	6050.33	7108.6	
268	7696.49	6211.03	7304.96	
269	7894.73	6376.63	7501.08	
270	8097.81	6546.57	7699.09	
271	8305.36	6720.61	7900.05	
272	8517.23	6898.62	8104.53	
273	8733.33	7080.57	8312.82	
274	8953.6	7266.46	8525.07	
275	9178.04	7456.29	8741.37	
276	9406.62	7650.07	8961.75	
277	9639.34	7847.84	9186.25	
278	9876.16	8049.6	9414.85	
279	10117.1	8255.38	9647.56	
280	10362.1	8465.18	9884.37	
281	10611.1	8679.02	10125.2	
282	10864.1	8896.89	10370.2	
283	11121	9118.8	10619.1	
284	11381.9	9344.75	10872.1	
285	11646.5	9574.71	11128.9	
286	11914.9	9808.67	11389.6	
287	12187	10046.6	11654.2	
288	12462.7	10288.5	11922.5	
289	12741.9	10534.3	12194.4	
290	13024.5	10784	12469.9	
291	13310.3	11037.6	12748.9	
292	13599.3	11294.9	13031.3	
293	13891.3	11555.9	13316.9	
294	14186.2	11820.5	13605.7	
295	14483.9	12088.7	13897.4	
296	14784	12360.4	14192.1	
297	15086.6	12635.5	14489.4	
298	15391.4	12913.8	14789.2	
299	15698.1	13195.3	15091.5	
300	16006.7	13479.8	15395.9	
301	16316.8	13767.2	15702.2	
302	16628.3	14057.3	16010.4	
303	16940.9	14350.1	16320.1	
304	17254.4	14645.3	16631.1	
305	17568.5	14942.8	16943.3	
306	17882.9	15242.4	17256.2	
307	18197.3	15543.9	17569.8	
308	18511.5	15847.1	17883.7	
309	18825.2	16151.8	18197.6	
310	19138.1	16457.7	18511.2	
311	19449.7	16764.7	18824.3	
312	19759.9	17072.4	19136.5	
313	20068.3	17380.7	19447.6	
314	20374.5	17689.3	19757.1	
315	20678.2	17997.9	20064.9	
316	20979.1	18306.2	20370.4	
317	21276.7	18614	20673.4	
318	21570.8	18920.9	20973.6	
319	21860.9	19226.6	21270.5	
320	22146.7	19530.9	21563.8	
321	22427.8	19833.4	21853.2	
322	22703.8	20133.7	22138.3	
323	22974.4	20431.6	22418.6	
324	23239.2	20726.7	22693.9	
325	23497.8	21018.7	22963.8	
326	23749.9	21307.2	23227.8	
327	23995	21591.9	23485.7	
328	24232.9	21872.4	23737	
329	24463.2	22148.4	23981.5	
330	24685.5	22419.5	24218.6	
331	24899.5	22685.4	24448.2	
332	25104.8	22945.6	24669.8	
333	25301.2	23199.9	24883.1	
334	25488.3	23447.9	25087.8	
335	25665.8	23689.3	25283.5	
336	25833.5	23923.7	25470	
337	25991.1	24150.8	25647	
338	26138.4	24370.2	25814.1	
339	26275	24581.7	25971.1	
340	26400.8	24784.9	26117.8	
341	26515.5	24979.5	26254	
342	26619.1	25165.2	26379.3	
343	26711.3	25341.8	26493.7	
344	26792	25509	26596.9	
345	26861	25666.5	26688.7	
346	26918.2	25814.1	26769.1	
347	26963.7	25951.5	26837.8	
348	26997.2	26078.6	26894.9	
349	27018.8	26195.1	26940.1	
350	27028.4	26300.9	26973.5	
351	27026.1	26395.9	26995	
352	27011.8	26479.8	27004.6	
353	26985.7	26552.5	27002.3	
354	26947.7	26614	26988	
355	26898	26664.1	26961.9	
356	26836.6	26702.9	26924.1	
357	26763.7	26730.2	26874.5	
358	26679.5	26746	26813.3	
359	26584	26750.3	26740.7	
360	26477.6	26743.1	26656.7	
361	26360.3	26724.5	26561.6	
362	26232.4	26694.5	26455.5	
363	26094.2	26653.2	26338.6	
364	25945.8	26600.6	26211.1	
365	25787.6	26537	26073.4	
366	25619.8	26462.3	25925.5	
367	25442.8	26376.8	25767.8	
368	25256.7	26280.6	25600.6	
369	25061.9	26173.9	25424	
370	24858.8	26056.8	25238.5	
371	24647.7	25929.7	25044.4	
372	24428.8	25792.6	24841.9	
373	24202.6	25646	24631.4	
374	23969.3	25489.9	24413.2	
375	23729.4	25324.7	24187.6	
376	23483.1	25150.6	23955.1	
377	23230.9	24967.9	23715.8	
378	22973.1	24776.9	23470.3	
379	22710	24577.9	23218.8	
380	22442	24371.3	22961.6	
381	22169.5	24157.3	22699.3	
382	21892.8	23936.2	22432	
383	21612.2	23708.4	22160.2	
384	21328.2	23474.1	21884.2	
385	21040.9	23233.9	21604.3	
386	20750.9	22987.8	21320.9	
387	20458.3	22736.4	21034.4	
388	20163.6	22479.9	20745	
389	19867	22218.6	20453.1	
390	19568.8	21952.9	20159	
391	19269.4	21683.2	19863	
392	18969.1	21409.7	19565.5	
393	18668.1	21132.8	19266.7	
394	18366.6	20852.8	18966.9	
395	18065.1	20570	18666.5	
396	17763.7	20284.7	18365.6	
397	17462.6	19997.2	18064.6	
398	17162.2	19707.9	17763.7	
399	16862.6	19417	17463.2	
400	16564.1	19124.7	17163.2	
401	16266.8	18831.5	16864.1	
402	15971	18537.5	16566	
403	15676.9	18243.1	16269.2	
404	15384.7	17948.4	15973.8	
405	15094.4	17653.7	15680.1	
406	14806.4	17359.3	15388.2	
407	14520.7	17065.4	15098.3	
408	14237.4	16772.2	14810.6	
409	13956.8	16479.9	14525.2	
410	13678.9	16188.8	14242.2	
411	13403.8	15898.9	13961.9	
412	13131.8	15610.6	13684.2	
413	12862.8	15323.9	13409.4	
414	12596.9	15039.1	13137.6	
415	12334.3	14756.4	12868.8	
416	12075	14475.7	12603.1	
417	11819.1	14197.4	12340.7	
418	11566.6	13921.5	12081.5	
419	11317.7	13648.2	11825.8	
420	11072.3	13377.6	11573.4	
421	10830.5	13109.7	11324.6	
422	10592.3	12844.7	11079.3	
423	10357.8	12582.7	10837.6	
424	10127	12323.8	10599.5	
425	9899.9	12068.1	10365.1	
426	9676.53	11815.5	10134.3	
427	9456.9	11566.2	9907.29	
428	9241.01	11320.3	9683.95	
429	9028.86	11077.8	9464.35	
430	8820.46	10838.7	9248.47	
431	8615.79	10603.1	9036.33	
432	8414.84	10371	8827.93	
433	8217.61	10142.5	8623.25	
434	8024.06	9917.53	8422.29	
435	7834.19	9696.15	8225.02	
436	7647.97	9478.39	8031.45	
437	7465.37	9264.24	7841.54	
438	7286.37	9053.7	7655.27	
439	7110.94	8846.79	7472.63	
440	6939.03	8643.5	7293.57	
441	6770.63	8443.82	7118.08	
442	6605.68	8247.75	6946.11	
443	6444.16	8055.27	6777.64	
444	6286.03	7866.36	6612.63	
445	6131.24	7681.01	6451.04	
446	5979.75	7499.2	6292.82	
447	5831.52	7320.88	6137.94	
448	5686.51	7146.07	5986.38	
449	5544.66	6974.7	5838.06	
450	5405.93	6806.76	5692.96	
451	5270.28	6642.21	5551.02	
452	5137.66	6481.02	5412.21	
453	5008.03	6323.15	5276.47	
454	4881.32	6168.57	5143.75	
455	4757.5	6017.22	5014.01	
456	4636.52	5869.09	4887.22	
457	4518.32	5724.11	4763.3	
458	4402.87	5582.26	4642.22	
459	4290.1	5443.49	4523.93	
460	4179.98	5307.76	4408.39	
461	4072.45	5175.01	4295.53	
462	3967.46	5045.21	4185.3	
463	3864.98	4918.31	4077.67	
464	3764.93	4794.26	3972.59	
465	3667.29	4673.02	3870	
466	3572	4554.54	3769.86	
467	3479.02	4438.77	3672.12	
468	3388.3	4325.67	3576.74	
469	3299.78	4215.19	3483.66	
470	3213.44	4107.29	3392.85	
471	3129.22	4001.91	3304.24	
472	3047.08	3899.01	3217.81	
473	2966.96	3798.55	3133.5	
474	2888.84	3700.47	3051.26	
475	2812.67	3604.74	2971.06	
476	2738.4	3511.3	2892.85	
477	2665.99	3420.11	2816.59	
478	2595.4	3331.13	2742.23	
479	2526.59	3244.31	2669.74	
480	2459.52	3159.6	2599.07	
481	2394.15	3076.97	2530.18	
482	2330.44	2996.37	2463.03	
483	2268.36	2917.75	2397.58	
484	2207.86	2841.08	2333.8	
485	2148.91	2766.31	2271.63	
486	2091.48	2693.4	2211.06	
487	2035.52	2622.31	2152.04	
488	1981	2553.01	2094.53	
489	1927.9	2485.44	2038.5	
490	1876.17	2419.58	1983.92	
491	1825.77	2355.38	1930.74	
492	1776.69	2292.81	1878.94	
493	1728.89	2231.83	1828.48	
494	1682.33	2172.4	1779.34	
495	1636.99	2114.48	1731.47	
496	1592.84	2058.05	1684.85	
497	1549.85	2003.07	1639.45	
498	1507.98	1949.5	1595.24	
499	1467.21	1897.31	1552.18	
500	1427.52	1846.47	1510.26	
